0 2 3 0 0 0 0 0 0 0 0
0.050000000000000003 2 3 0.0 0.0 0 0 0 0 0 0
0.10000000000000001 2 3 0.0 0.0 0 0 0 0 0 0
0.15000000000000002 2 3 0.0 0.0 5 5 0 5000 0 0
0.20000000000000001 2 3 0.0 0.0 11 11 0 11000 0 0
0.25 2 3 0.0 0.0 17 17 0 17000 0 0
0.29999999999999999 2 3 0.0 0.0 24 24 0 24000 0 0
0.34999999999999998 2 3 0.0 0.0 30 30 0 30000 0 0
0.39999999999999997 2 3 0.0 0.0 36 36 0 36000 0 0
0.44999999999999996 2 3 0.0 0.0 42 42 0 42000 0 0
0.49999999999999994 2 3 0.0 0.0 49 49 0 49000 0 0
0.54999999999999993 2 3 0.0 0.0 55 55 0 55000 0 0
0.59999999999999998 2 3 0.0 0.0 61 61 0 61000 0 0
0.65000000000000002 2 3 0.0 0.0 67 67 0 67000 0 0
0.70000000000000007 2 3 0.0 0.0 74 74 0 74000 0 0
0.75000000000000011 2 3 0.0 0.0 80 80 0 80000 0 0
0.80000000000000016 2 3 0.0 0.0 86 86 0 86000 0 0
0.8500000000000002 2 3 0.0 0.0 92 92 0 92000 0 0
0.90000000000000024 2 3 0.0 0.0 99 99 0 99000 0 0
0.95000000000000029 2 3 0.0 0.0 105 105 0 105000 0 0
1.0000000000000002 2 3 0.0 0.0 111 111 0 111000 0 0
1.0500000000000003 2 3 3.6367058823534717 0.090917647058836787 118 118 0 117040 0 0
1.1000000000000003 2 3 249.0578823529066 0.24470588235290669 127 127 0 126120 0 0
1.1500000000000004 2 3 24.862117647061389 0.023905882352943643 134 133 0 133160 0 0
1.2000000000000004 2 3 1141.0974117646792 1.1231999999999722 143 143 0 142280 0 0
1.2500000000000004 2 3 1636.5327058823618 1.5947294117647135 157 152 0 156600 0 0
1.3000000000000005 2 3 3587.8588235292 3.5421176470586127 166 163 0 165680 0 0
1.3500000000000005 2 3 7112.2108235291134 6.9290352941173543 184 173 3 184160 0 3080
1.4000000000000006 2 3 8422.9421176466749 8.2559058823525628 199 183 7 199520 0 7200
1.4500000000000006 2 3 8858.3002352936546 8.6212705882348359 213 194 11 213840 0 11240
1.5000000000000007 2 3 7257.0992941167369 7.1493647058814629 221 204 11 221880 0 11240
1.5500000000000007 2 3 3504.5458823517133 3.4955294117634819 227 215 11 227880 0 11240
1.6000000000000008 2 3 484.78117647044837 0.48094117647043921 235 224 11 235960 0 11240
1.6500000000000008 2 3 0.0 0.0 241 230 11 241960 0 11240
1.7000000000000008 2 3 1277.1538823528958 1.2577882352940717 252 241 11 253120 0 11240
1.7500000000000009 2 3 1251.7345882352927 1.2208941176470567 264 249 11 265360 0 11240
1.8000000000000009 2 3 1682.1157647057601 1.6670117647057598 271 260 11 272400 0 11240
1.850000000000001 2 3 3326.147764705896 3.2440470588235399 287 270 11 288800 0 11240
1.900000000000001 2 3 7021.0785882350083 6.8940235294114842 297 281 11 298920 0 11240
1.9500000000000011 2 3 6091.4597647055734 5.9876705882349848 310 291 11 312200 0 11240
2.0000000000000009 2 3 7547.1284705877142 7.3982117647053691 319 301 12 321320 0 12240
2.0500000000000007 2 3 7072.8734117644954 6.9535999999997848 332 312 12 334600 0 12240
2.1000000000000005 2 3 8441.1896470588072 8.2913882352940984 343 322 13 345760 0 13280
2.1500000000000004 2 3 8261.7788235296703 8.1355294117649564 355 333 14 358000 0 14320
2.2000000000000002 2 3 8480.3727058827481 8.3448470588239179 366 343 15 369200 0 15360
2.25 2 3 5990.0047058832051 5.9407058823537842 372 354 15 375200 0 15360
2.2999999999999998 2 3 1692.3181176479029 1.6919529411773186 380 364 15 383240 0 15360
2.3499999999999996 2 3 331.21129411763496 0.32592941176469498 387 372 15 390280 0 15360
2.3999999999999995 2 3 1013.1538823529336 0.99378823529410987 397 381 15 400440 0 15360
2.4499999999999993 2 3 354.05176470593761 0.35058823529417482 405 389 15 408520 0 15360
2.4999999999999991 2 3 1913.9764705884584 1.8861176470590446 415 400 15 418640 0 15360
2.5499999999999989 2 3 1526.9647058822181 1.4917647058822201 427 409 15 430880 0 15360
2.5999999999999988 2 3 1311.5444705885527 1.3015529411767848 435 419 15 438960 0 15360
2.6499999999999986 2 3 2477.4061176472223 2.4320941176472206 446 430 15 450160 0 15360
2.6999999999999984 2 3 2216.7341176472028 2.1745882352942645 460 440 15 464440 0 15360
2.7499999999999982 2 3 3613.0484705891231 3.5577411764714597 469 451 15 473560 0 15360
2.799999999999998 2 3 4353.844705882716 4.2654117647062568 482 461 15 486840 0 15360
2.8499999999999979 2 3 5314.5825882366653 5.229741176471939 491 472 15 495960 0 15360
2.8999999999999977 2 3 6528.8282352945653 6.3962352941181031 505 482 15 510240 0 15360
2.9499999999999975 2 3 7304.1618823542294 7.1856941176483415 515 492 15 520400 0 15360
2.9999999999999973 2 3 8112.7905882368186 7.9661176470603419 527 503 16 532640 0 16400
3.0499999999999972 2 3 7666.0254117664736 7.5282823529429255 537 513 17 542800 0 17400
3.099999999999997 2 3 7990.7200000017783 7.8531764705900029 549 524 17 555000 0 17400
3.1499999999999968 2 3 8601.2348235314275 8.4581647058843625 559 534 17 565160 0 17400
3.1999999999999966 2 3 5692.4423529454452 5.6588235294159821 565 545 17 571160 0 17400
3.2499999999999964 2 3 1481.7694117671354 1.4790588235318722 573 555 17 579240 0 17400
3.2999999999999963 2 3 227.16235294132127 0.22588235294131645 580 563 17 586240 0 17400
3.3499999999999961 2 3 1167.0362352940444 1.1476705882352207 590 572 17 596400 0 17400
3.3999999999999959 2 3 427.74211764696099 0.42014117647049581 599 580 17 605520 0 17400
3.4499999999999957 2 3 1587.3468235298594 1.563670588235736 607 590 17 613600 0 17400
3.4999999999999956 2 3 1535.4277647055069 1.5005176470584534 620 600 17 626840 0 17400
3.5499999999999954 2 3 1048.862117647687 1.0436705882359159 628 611 17 634920 0 17400
3.5999999999999952 2 3 2192.0790588235582 2.1544470588235574 639 621 17 646120 0 17400
3.649999999999995 2 3 1978.8687058827238 1.9441882352944864 651 632 17 658360 0 17400
3.6999999999999948 2 3 3432.6061176473686 3.376564705882664 663 642 17 670560 0 17400
3.7499999999999947 2 3 4056.7717647062173 3.983058823529749 675 652 17 682800 0 17400
3.7999999999999945 2 3 5250.0442352954142 5.1541647058836313 685 663 17 692960 0 17400
3.8499999999999943 2 3 5882.288941177012 5.7762823529417355 697 673 17 705200 0 17400
3.8999999999999941 2 3 7274.4583529427255 7.1381647058838817 708 684 17 716360 0 17400
3.949999999999994 2 3 7758.6522352948869 7.627952941177246 720 694 17 728600 0 17400
3.9999999999999938 2 3 8611.4861176489667 8.4297411764724863 731 705 18 739800 0 18400
4.0499999999999936 2 3 7517.8616470617662 7.4213647058852228 738 715 18 746840 0 18400
4.0999999999999934 2 3 3334.1176470624423 3.3341176470624432 745 726 18 753840 0 18400
4.1499999999999932 2 3 138.82352941252 0.13882352941252002 751 733 18 759840 0 18400
4.1999999999999931 2 3 0.0 0.0 757 739 18 765840 0 18400
4.2499999999999929 2 3 0.0 0.0 763 745 18 771840 0 18400
4.2999999999999927 2 3 0.0 0.0 770 752 18 778840 0 18400
4.3499999999999925 2 3 0.0 0.0 776 758 18 784840 0 18400
4.3999999999999924 2 3 0.0 0.0 782 764 18 790840 0 18400
4.4499999999999922 2 3 0.0 0.0 788 770 18 796840 0 18400
4.499999999999992 2 3 0.0 0.0 795 777 18 803840 0 18400
4.5499999999999918 2 3 0.0 0.0 796 778 18 804840 0 18400
4.5999999999999917 2 3 0.0 0.0 796 778 18 804840 0 18400
4.6499999999999915 2 3 0.0 0.0 796 778 18 804840 0 18400
4.6999999999999913 2 3 0.0 0.0 796 778 18 804840 0 18400
4.7499999999999911 2 3 0.0 0.0 796 778 18 804840 0 18400
4.7999999999999909 2 3 0.0 0.0 796 778 18 804840 0 18400
4.8499999999999908 2 3 0.0 0.0 796 778 18 804840 0 18400
4.8999999999999906 2 3 0.0 0.0 796 778 18 804840 0 18400
4.9499999999999904 2 3 0.0 0.0 796 778 18 804840 0 18400
4.9999999999999902 2 3 0.0 0.0 796 778 18 804840 0 18400
